0.1 [0.002753509156520493, 0.0006726168855020188] 
0.2 [0.0022332923039594522, 0.0005466669081098314] 
0.30000000000000004 [0.001814510405361911, 0.0004449038275453517] 
0.4 [0.001476336175221306, 0.0003624810734106289] 
0.5 [0.0012025633555330978, 0.0002955904256580576] 
0.6 [0.000980471054664307] 
0.7 [0.00024121752858572752] 
0.7999999999999999 [0.0008000011664597556] 
0.8999999999999999 [0.00019696199630100006] 
0.9999999999999999 [0.000653152558081961] 
1.0999999999999999 [0.0001609028787887239] 
1.2 [0.0005335282062519603] 
1.3 [0.00013149663688214884] 
1.4000000000000001 [0.00043599215791144993] 
1.5000000000000002 [0.00010749883658474777] 
1.6000000000000003 [0.00035640663470663824] 
1.7000000000000004 [8.790342636309842e-05] 
1.8000000000000005 [0.0002914284946970258] 
1.9000000000000006 [7.189523306651604e-05] 
2.0000000000000004 [0.0002383502520069818] 
2.1000000000000005 [5.8812519553792084e-05] 
2.2000000000000006 [0.00019497495323940236] 
2.3000000000000007 [4.811728505343889e-05] 
2.400000000000001 [0.00015951705944659334] 
2.500000000000001 [3.937158073285312e-05] 
2.600000000000001 [0.000130523495053755] 
2.700000000000001 [3.221853713413978e-05] 
2.800000000000001 [0.00010681046738772852] 
2.9000000000000012 [2.6367108832898948e-05] 
3.0000000000000013 [8.741270872635292e-05] 
3.1000000000000014 [2.157976950677062e-05] 
3.2000000000000015 [7.154256487307544e-05] 
3.3000000000000016 [1.7662560900734897e-05] 
3.4000000000000017 [5.855693017763846e-05] 
3.5000000000000018 [1.445702798781383e-05] 
3.600000000000002 [4.793046354869831e-05] 
3.700000000000002 [1.1833671098284308e-05] 
3.800000000000002 [3.923385157284679e-05] 
3.900000000000002 [9.686621824195913e-06] 
4.000000000000002 [3.211614026584921e-05] 
4.100000000000001 [7.929308703332162e-06] 
4.200000000000001 [2.6290355482402873e-05] 
4.300000000000001 [6.490925133333347e-06] 
4.4 [2.152178748135037e-05] 
4.5 [5.313548655819611e-06] 
4.6 [1.7618437736986462e-05] 
4.699999999999999 [4.34978989334718e-06] 
4.799999999999999 [1.4423223346804824e-05] 
4.899999999999999 [3.5608726859352997e-06] 
4.999999999999998 [1.1807611928064805e-05] 
5.099999999999998 [2.915065624878505e-06] 
5.1999999999999975 [9.666421998008483e-06] 
5.299999999999997 [2.386400184501952e-06] 
5.399999999999997 [7.913573745244382e-06] 
5.4999999999999964 [1.9536227625000777e-06] 
