0.1 [0.27717360232137994, 0.20733716677986272, 0.19710624313789338, 0.07115477277796714, 0.06548872797781836, 0.023017692123349233, 0.0326048441482353, 0.01125674520263956, 0.017066818424404905, 0.005941109025781852, 0.009172736892152094, 0.003226139102431124, 0.005010345022962032, 0.00177487804374144, 0.002762673379680963, 0.0009829499431144725] 
0.2 [0.0015315187448117892, 0.0005462950897540881] 
0.30000000000000004 [0.000851586749971456] 
0.4 [0.0003041997504643531] 
0.5 [0.00047432116067796994] 
0.6 [0.00016957080453251222] 
0.7 [0.0002644408808261124] 
0.7999999999999999 [9.457987227922097e-05] 
0.8999999999999999 [0.00014750789562573718] 
0.9999999999999999 [5.2770159906402814e-05] 
1.0999999999999999 [8.230585782612184e-05] 
1.2 [2.9448096166037207e-05] 
1.3 [4.593229578090961e-05] 
1.4000000000000001 [1.643501676937796e-05] 
1.5000000000000002 [2.5635731783021123e-05] 
1.6000000000000003 [9.172921770175177e-06] 
1.7000000000000004 [1.4308552605442302e-05] 
1.8000000000000005 [5.119870300761172e-06] 
1.9000000000000006 [7.986531426855034e-06] 
2.0000000000000004 [2.8577082721140247e-06] 
2.1000000000000005 [4.457872995523919e-06] 
2.2000000000000006 [1.595074974397419e-06] 
2.3000000000000007 [2.4882904755768856e-06] 
2.400000000000001 [8.903211646902449e-07] 
2.500000000000001 [1.388918107332896e-06] 
2.600000000000001 [4.969510652633652e-07] 
2.700000000000001 [7.75270783322251e-07] 
2.800000000000001 [2.773839305315883e-07] 
2.9000000000000012 [4.327438190664283e-07] 
3.0000000000000013 [1.5482795738153706e-07] 
3.1000000000000014 [2.4155092679879184e-07] 
3.2000000000000015 [8.642068462040896e-08] 
3.3000000000000016 [1.3483006824398975e-07] 
3.4000000000000017 [4.82376507788644e-08] 
3.5000000000000018 [7.52601220393197e-08] 
3.600000000000002 [2.6924935370083283e-08] 
3.700000000000002 [4.200907775478383e-08] 
3.800000000000002 [1.5028762745127888e-08] 
3.900000000000002 [2.3448842713389974e-08] 
4.000000000000002 [8.388644871649403e-09] 
